,ToRiver_0,ToRiver_1,ToRiver_2,ToRiver_3,ToRiver_4,ToRiver_5,ToRiver_6,ToRiver_7,ToRiver_8,ToRiver_9,ToRail_0,ToRail_1,ToRail_2,ToRail_3,ToRail_4,ToRail_5,X_Facility
0,0.0,0.0,0.0,0.0,0.0,0.0,0.0,196405548.28076136,0.0,0.0,0.0,0.0,0.0,0.0,0.0,0.0,109615582.22175485
1,0.0,0.0,0.0,0.0,0.0,0.0,0.0,0.0,0.0,0.0,0.0,0.0,0.0,0.0,228785990.23076135,0.0,109615582.22175485
2,0.0,0.0,0.0,0.0,0.0,0.0,0.0,0.0,0.0,0.0,0.0,0.0,0.0,0.0,228785990.23076135,0.0,109615582.22175485
3,0.0,0.0,0.0,0.0,0.0,0.0,0.0,0.0,0.0,0.0,0.0,0.0,0.0,0.0,174818586.98076135,0.0,109615582.22175485
4,0.0,0.0,0.0,0.0,0.0,0.0,0.0,185612067.63076133,0.0,0.0,0.0,0.0,0.0,0.0,0.0,0.0,109615582.22175486
5,0.0,0.0,0.0,0.0,0.0,0.0,0.0,0.0,0.0,0.0,0.0,0.0,0.0,212595769.25076133,0.0,0.0,109615582.22175486
6,0.0,0.0,0.0,0.0,0.0,0.0,0.0,153231625.68076134,0.0,0.0,0.0,0.0,0.0,0.0,0.0,0.0,109615582.22175486
7,0.0,0.0,0.0,0.0,0.0,0.0,0.0,917678886.1018364,0.0,0.0,0.0,0.0,0.0,0.0,0.0,0.0,450284280.3436442
8,0.0,0.0,0.0,0.0,0.0,0.0,0.0,0.0,0.0,0.0,0.0,0.0,0.0,0.0,158628366.00076133,0.0,109615582.22175486
9,0.0,0.0,0.0,0.0,0.0,0.0,0.0,0.0,0.0,0.0,0.0,0.0,0.0,0.0,212595769.25076133,0.0,109615582.22175486
10,0.0,0.0,0.0,0.0,0.0,0.0,0.0,217992509.58076137,0.0,0.0,0.0,0.0,0.0,0.0,0.0,0.0,109615582.22175482
11,0.0,0.0,0.0,0.0,0.0,0.0,0.0,0.0,0.0,0.0,0.0,0.0,0.0,0.0,207199028.93076134,0.0,109615582.22175486
12,0.0,0.0,0.0,0.0,0.0,0.0,0.0,191008807.95076138,0.0,0.0,0.0,0.0,0.0,0.0,0.0,0.0,109615582.22175482
13,0.0,0.0,0.0,0.0,0.0,0.0,0.0,169421846.65076137,0.0,0.0,0.0,0.0,0.0,0.0,0.0,0.0,109615582.22175483
14,0.0,0.0,0.0,0.0,0.0,0.0,0.0,0.0,0.0,0.0,0.0,0.0,0.0,0.0,212595769.25076133,0.0,109615582.22175486
15,0.0,0.0,0.0,0.0,0.0,0.0,0.0,0.0,0.0,0.0,0.0,0.0,0.0,0.0,234182730.55076134,0.0,109615582.22175486
16,0.0,0.0,0.0,0.0,0.0,0.0,0.0,0.0,0.0,0.0,0.0,0.0,0.0,0.0,153231625.68076134,0.0,109615582.22175486
17,0.0,0.0,0.0,0.0,0.0,0.0,0.0,0.0,0.0,0.0,0.0,0.0,0.0,0.0,191008807.95076138,0.0,109615582.22175482
18,0.0,0.0,0.0,0.0,0.0,0.0,0.0,0.0,0.0,0.0,0.0,0.0,0.0,0.0,244976211.20076138,0.0,109615582.22175482
19,0.0,0.0,0.0,0.0,0.0,0.0,0.0,0.0,0.0,0.0,0.0,0.0,0.0,0.0,239579470.88076133,0.0,109615582.22175486
20,0.0,0.0,0.0,0.0,0.0,0.0,0.0,0.0,0.0,0.0,0.0,0.0,0.0,0.0,696038161.6018364,0.0,450284280.3436442
21,0.0,0.0,0.0,0.0,0.0,0.0,0.0,0.0,0.0,0.0,0.0,0.0,0.0,0.0,234182730.55076134,0.0,109615582.22175486
22,0.0,0.0,0.0,0.0,0.0,0.0,0.0,185612067.63076133,0.0,0.0,0.0,0.0,0.0,0.0,0.0,0.0,109615582.22175486
23,0.0,0.0,0.0,0.0,0.0,0.0,0.0,0.0,0.0,0.0,0.0,0.0,0.0,0.0,207199028.93076134,0.0,109615582.22175486
24,0.0,0.0,0.0,0.0,0.0,0.0,0.0,0.0,0.0,0.0,0.0,0.0,0.0,0.0,153231625.68076134,0.0,109615582.22175486
25,0.0,0.0,0.0,0.0,0.0,0.0,0.0,0.0,0.0,0.0,0.0,0.0,0.0,0.0,196405548.28076136,0.0,109615582.22175485
26,0.0,0.0,0.0,0.0,0.0,0.0,0.0,0.0,0.0,0.0,0.0,0.0,0.0,0.0,201802288.60076135,0.0,109615582.22175485
27,0.0,0.0,0.0,0.0,0.0,0.0,0.0,207199028.93076134,0.0,0.0,0.0,0.0,0.0,0.0,0.0,0.0,109615582.22175486
28,0.0,0.0,0.0,0.0,0.0,0.0,0.0,234182730.55076134,0.0,0.0,0.0,0.0,0.0,0.0,0.0,0.0,109615582.22175486
29,0.0,0.0,0.0,0.0,0.0,0.0,0.0,0.0,0.0,0.0,0.0,0.0,0.0,0.0,228785990.23076135,0.0,109615582.22175485
30,0.0,0.0,0.0,0.0,0.0,0.0,0.0,185612067.63076133,0.0,0.0,0.0,0.0,0.0,0.0,0.0,0.0,109615582.22175486
31,0.0,0.0,0.0,0.0,0.0,0.0,0.0,0.0,0.0,0.0,0.0,0.0,0.0,0.0,164025106.33076137,0.0,109615582.22175483
32,0.0,0.0,0.0,0.0,0.0,0.0,0.0,0.0,0.0,0.0,0.0,0.0,0.0,0.0,244976211.20076138,0.0,109615582.22175482
33,0.0,0.0,0.0,0.0,0.0,0.0,0.0,784694451.4018364,0.0,0.0,0.0,0.0,0.0,0.0,0.0,0.0,450284280.3436442
34,0.0,0.0,0.0,0.0,0.0,0.0,0.0,0.0,0.0,0.0,0.0,0.0,0.0,0.0,228785990.23076135,0.0,109615582.22175485
35,0.0,0.0,0.0,0.0,0.0,0.0,0.0,164025106.33076137,0.0,0.0,0.0,0.0,0.0,0.0,0.0,0.0,109615582.22175483
36,0.0,0.0,0.0,0.0,0.0,0.0,0.0,212595769.25076133,0.0,0.0,0.0,0.0,0.0,0.0,0.0,0.0,109615582.22175486
37,0.0,0.0,0.0,0.0,0.0,0.0,0.0,0.0,0.0,0.0,0.0,0.0,0.0,0.0,223389249.90076137,0.0,109615582.22175483
38,0.0,0.0,0.0,0.0,0.0,0.0,0.0,250372951.53076136,0.0,0.0,0.0,0.0,0.0,0.0,0.0,0.0,109615582.22175485
39,0.0,0.0,0.0,0.0,0.0,0.0,0.0,0.0,0.0,0.0,0.0,0.0,0.0,0.0,244976211.20076138,0.0,109615582.22175482
40,0.0,0.0,0.0,0.0,0.0,0.0,0.0,217992509.58076137,0.0,0.0,0.0,0.0,0.0,0.0,0.0,0.0,109615582.22175482
41,0.0,0.0,0.0,0.0,0.0,0.0,0.0,0.0,0.0,0.0,0.0,0.0,0.0,0.0,185612067.63076133,0.0,109615582.22175486
42,0.0,0.0,0.0,0.0,0.0,0.0,0.0,0.0,0.0,0.0,0.0,0.0,0.0,0.0,212595769.25076133,0.0,109615582.22175486
43,0.0,0.0,0.0,0.0,0.0,0.0,0.0,0.0,0.0,0.0,0.0,0.0,0.0,0.0,147834885.36076134,0.0,109615582.22175486
44,0.0,0.0,0.0,0.0,0.0,0.0,0.0,185612067.63076133,0.0,0.0,0.0,0.0,0.0,0.0,0.0,0.0,109615582.22175486
45,0.0,0.0,0.0,0.0,0.0,0.0,0.0,0.0,0.0,0.0,0.0,0.0,0.0,164025106.33076137,0.0,0.0,109615582.22175483
46,0.0,0.0,0.0,0.0,0.0,0.0,0.0,0.0,0.0,0.0,0.0,0.0,0.0,0.0,673874089.1518364,0.0,450284280.3436442
47,0.0,0.0,0.0,0.0,0.0,0.0,0.0,1028499248.3518364,0.0,0.0,0.0,0.0,0.0,0.0,0.0,0.0,450284280.3436442
48,0.0,0.0,0.0,0.0,0.0,0.0,0.0,250372951.53076136,0.0,0.0,0.0,0.0,0.0,0.0,0.0,0.0,109615582.22175485
49,0.0,0.0,0.0,0.0,0.0,0.0,0.0,234182730.55076134,0.0,0.0,0.0,0.0,0.0,0.0,0.0,0.0,109615582.22175486
50,0.0,0.0,0.0,0.0,0.0,0.0,0.0,212595769.25076133,0.0,0.0,0.0,0.0,0.0,0.0,0.0,0.0,109615582.22175486
51,0.0,0.0,0.0,0.0,0.0,0.0,0.0,196405548.28076136,0.0,0.0,0.0,0.0,0.0,0.0,0.0,0.0,109615582.22175485
52,0.0,0.0,0.0,0.0,0.0,0.0,0.0,0.0,0.0,0.0,0.0,0.0,0.0,0.0,185612067.63076133,0.0,109615582.22175486
53,0.0,0.0,0.0,0.0,0.0,0.0,0.0,0.0,0.0,0.0,0.0,0.0,0.0,234182730.55076134,0.0,0.0,109615582.22175486
54,0.0,0.0,0.0,0.0,0.0,0.0,0.0,244976211.20076138,0.0,0.0,0.0,0.0,0.0,0.0,0.0,0.0,109615582.22175482
55,0.0,0.0,0.0,0.0,0.0,0.0,0.0,0.0,0.0,0.0,0.0,0.0,0.0,0.0,239579470.88076133,0.0,109615582.22175486
56,0.0,0.0,0.0,0.0,0.0,0.0,0.0,0.0,0.0,0.0,0.0,0.0,0.0,0.0,234182730.55076134,0.0,109615582.22175486
57,0.0,0.0,0.0,0.0,0.0,0.0,0.0,0.0,0.0,0.0,0.0,0.0,0.0,234182730.55076134,0.0,0.0,109615582.22175486
58,0.0,0.0,0.0,0.0,0.0,0.0,0.0,0.0,0.0,0.0,0.0,0.0,0.0,158628366.00076133,0.0,0.0,109615582.22175486
59,0.0,0.0,0.0,0.0,0.0,0.0,0.0,0.0,0.0,0.0,0.0,196405548.28076136,0.0,0.0,0.0,0.0,109615582.22175485
60,0.0,0.0,0.0,0.0,0.0,0.0,0.0,0.0,0.0,0.0,0.0,153231625.68076134,0.0,0.0,0.0,0.0,109615582.22175486
61,0.0,0.0,0.0,0.0,0.0,0.0,0.0,0.0,0.0,0.0,0.0,180215327.30076134,0.0,0.0,0.0,0.0,109615582.22175486
62,0.0,0.0,0.0,0.0,0.0,0.0,0.0,0.0,0.0,0.0,0.0,244976211.20076138,0.0,0.0,0.0,0.0,109615582.22175482
63,0.0,0.0,0.0,0.0,0.0,0.0,0.0,0.0,0.0,0.0,0.0,169421846.65076137,0.0,0.0,0.0,0.0,109615582.22175483
64,0.0,0.0,0.0,0.0,0.0,0.0,0.0,0.0,0.0,0.0,0.0,0.0,0.0,201802288.60076135,0.0,0.0,109615582.22175485
65,0.0,0.0,0.0,0.0,0.0,0.0,0.0,0.0,0.0,0.0,0.0,0.0,0.0,158628366.00076133,0.0,0.0,109615582.22175486
66,0.0,0.0,0.0,0.0,0.0,0.0,0.0,0.0,0.0,0.0,0.0,191008807.95076138,0.0,0.0,0.0,0.0,109615582.22175482
67,0.0,0.0,0.0,0.0,0.0,0.0,0.0,0.0,0.0,0.0,0.0,0.0,0.0,158628366.00076133,0.0,0.0,109615582.22175486
68,0.0,0.0,0.0,0.0,0.0,0.0,0.0,0.0,0.0,0.0,185612067.63076133,0.0,0.0,0.0,0.0,0.0,109615582.22175486
69,0.0,0.0,0.0,0.0,0.0,0.0,0.0,0.0,0.0,0.0,0.0,0.0,0.0,164025106.33076137,0.0,0.0,109615582.22175483
70,0.0,0.0,0.0,0.0,0.0,0.0,0.0,0.0,0.0,0.0,0.0,0.0,0.0,223389249.90076137,0.0,0.0,109615582.22175483
71,0.0,0.0,0.0,0.0,0.0,0.0,0.0,0.0,0.0,0.0,0.0,0.0,0.0,169421846.65076137,0.0,0.0,109615582.22175483
72,0.0,0.0,0.0,0.0,0.0,0.0,0.0,0.0,0.0,0.0,0.0,0.0,0.0,153231625.68076134,0.0,0.0,109615582.22175486
73,0.0,0.0,0.0,0.0,0.0,0.0,0.0,0.0,0.0,0.0,0.0,158628366.00076133,0.0,0.0,0.0,0.0,109615582.22175486
74,0.0,0.0,0.0,0.0,0.0,0.0,0.0,0.0,0.0,0.0,0.0,0.0,0.0,239579470.88076133,0.0,0.0,109615582.22175486
75,0.0,0.0,0.0,0.0,0.0,0.0,0.0,0.0,0.0,0.0,0.0,0.0,0.0,185612067.63076133,0.0,0.0,109615582.22175486
76,0.0,0.0,0.0,0.0,0.0,0.0,0.0,0.0,0.0,0.0,0.0,0.0,0.0,234182730.55076134,0.0,0.0,109615582.22175486
77,0.0,0.0,0.0,0.0,0.0,0.0,0.0,0.0,0.0,0.0,0.0,0.0,0.0,217992509.58076137,0.0,0.0,109615582.22175482
78,0.0,0.0,0.0,0.0,0.0,0.0,0.0,0.0,0.0,0.0,0.0,0.0,0.0,174818586.98076135,0.0,0.0,109615582.22175485
79,0.0,0.0,0.0,0.0,0.0,0.0,0.0,0.0,0.0,0.0,147834885.36076134,0.0,0.0,0.0,0.0,0.0,109615582.22175486
80,0.0,0.0,0.0,0.0,0.0,0.0,0.0,0.0,0.0,0.0,0.0,0.0,0.0,191008807.95076138,0.0,0.0,109615582.22175482
81,0.0,0.0,0.0,0.0,0.0,0.0,0.0,0.0,0.0,0.0,230342972.1105742,0.0,0.0,0.0,0.0,0.0,122809975.85167459
82,0.0,0.0,0.0,0.0,0.0,0.0,0.0,0.0,0.0,0.0,0.0,0.0,93110643.11316726,0.0,0.0,0.0,55215134.12707167
83,0.0,0.0,0.0,0.0,0.0,0.0,0.0,0.0,0.0,0.0,0.0,207199028.93076134,0.0,0.0,0.0,0.0,109615582.22175486
84,0.0,0.0,0.0,0.0,0.0,0.0,0.0,0.0,0.0,0.0,0.0,191008807.95076138,0.0,0.0,0.0,0.0,109615582.22175482
85,0.0,0.0,0.0,0.0,0.0,0.0,0.0,0.0,0.0,0.0,0.0,153231625.68076134,0.0,0.0,0.0,0.0,109615582.22175486
86,0.0,0.0,0.0,0.0,0.0,0.0,0.0,0.0,0.0,0.0,0.0,0.0,228785990.23076135,0.0,0.0,0.0,109615582.22175485
87,0.0,0.0,0.0,0.0,0.0,0.0,0.0,0.0,0.0,0.0,0.0,191008807.95076138,0.0,0.0,0.0,0.0,109615582.22175482
88,0.0,0.0,0.0,0.0,0.0,0.0,0.0,0.0,0.0,0.0,0.0,0.0,99064754.75316724,0.0,0.0,0.0,55215134.12707168
89,0.0,0.0,0.0,0.0,0.0,0.0,0.0,0.0,0.0,0.0,0.0,0.0,96087698.93316725,0.0,0.0,0.0,55215134.12707168
90,0.0,0.0,0.0,0.0,0.0,0.0,0.0,0.0,0.0,0.0,239579470.88076133,0.0,0.0,0.0,0.0,0.0,109615582.22175486
91,0.0,0.0,0.0,0.0,0.0,0.0,0.0,0.0,0.0,0.0,217992509.58076137,0.0,0.0,0.0,0.0,0.0,109615582.22175482
92,0.0,0.0,0.0,0.0,0.0,0.0,0.0,0.0,0.0,0.0,0.0,0.0,110972978.04316723,0.0,0.0,0.0,55215134.12707168
93,0.0,0.0,0.0,0.0,0.0,0.0,0.0,0.0,0.0,0.0,0.0,164025106.33076137,0.0,0.0,0.0,0.0,109615582.22175483
94,0.0,0.0,0.0,0.0,0.0,0.0,0.0,0.0,0.0,0.0,0.0,174818586.98076135,0.0,0.0,0.0,0.0,109615582.22175485
95,0.0,0.0,0.0,0.0,0.0,0.0,0.0,0.0,0.0,0.0,0.0,239579470.88076133,0.0,0.0,0.0,0.0,109615582.22175486
96,0.0,0.0,0.0,0.0,0.0,0.0,0.0,0.0,0.0,0.0,0.0,0.0,125858257.14316726,0.0,0.0,0.0,55215134.12707167
97,0.0,0.0,0.0,0.0,0.0,0.0,0.0,0.0,0.0,0.0,0.0,0.0,96087698.93316725,0.0,0.0,0.0,55215134.12707168
98,0.0,0.0,0.0,0.0,0.0,0.0,0.0,0.0,0.0,0.0,0.0,164025106.33076137,0.0,0.0,0.0,0.0,109615582.22175483
99,0.0,0.0,0.0,0.0,0.0,0.0,0.0,0.0,0.0,0.0,0.0,191008807.95076138,0.0,0.0,0.0,0.0,109615582.22175482
100,0.0,0.0,0.0,0.0,0.0,0.0,0.0,0.0,0.0,0.0,239579470.88076133,0.0,0.0,0.0,0.0,0.0,109615582.22175486
101,0.0,0.0,0.0,0.0,0.0,0.0,0.0,0.0,0.0,0.0,0.0,0.0,239579470.88076133,0.0,0.0,0.0,109615582.22175486
102,0.0,0.0,0.0,0.0,0.0,0.0,0.0,0.0,0.0,0.0,0.0,180215327.30076134,0.0,0.0,0.0,0.0,109615582.22175486
103,0.0,0.0,0.0,0.0,0.0,0.0,0.0,0.0,0.0,0.0,0.0,158628366.00076133,0.0,0.0,0.0,0.0,109615582.22175486
104,0.0,0.0,0.0,0.0,0.0,0.0,0.0,0.0,0.0,0.0,0.0,0.0,122881201.32316726,0.0,0.0,0.0,55215134.127071664
105,0.0,0.0,0.0,0.0,0.0,0.0,0.0,0.0,0.0,0.0,0.0,0.0,93110643.11316726,0.0,0.0,0.0,55215134.12707167
106,0.0,0.0,0.0,0.0,0.0,0.0,0.0,0.0,0.0,0.0,0.0,180215327.30076134,0.0,0.0,0.0,0.0,109615582.22175486
107,0.0,0.0,0.0,0.0,0.0,0.0,0.0,0.0,0.0,0.0,0.0,174818586.98076135,0.0,0.0,0.0,0.0,109615582.22175485
108,0.0,0.0,0.0,0.0,0.0,0.0,0.0,0.0,0.0,0.0,0.0,0.0,107995922.22316724,0.0,0.0,0.0,55215134.12707168
109,0.0,0.0,0.0,0.0,0.0,0.0,0.0,0.0,0.0,0.0,0.0,0.0,234182730.55076134,0.0,0.0,0.0,109615582.22175486
110,0.0,0.0,0.0,0.0,0.0,0.0,0.0,0.0,0.0,0.0,0.0,180215327.30076134,0.0,0.0,0.0,0.0,109615582.22175486
111,0.0,0.0,0.0,0.0,0.0,0.0,0.0,0.0,0.0,0.0,0.0,0.0,164025106.33076137,0.0,0.0,0.0,109615582.22175483
112,0.0,0.0,0.0,0.0,0.0,0.0,0.0,0.0,0.0,0.0,0.0,0.0,0.0,0.0,939842958.5518365,0.0,450284280.34364414
113,0.0,0.0,0.0,0.0,0.0,0.0,0.0,851186668.7518365,0.0,0.0,0.0,0.0,0.0,0.0,0.0,0.0,450284280.3436441
114,0.0,0.0,0.0,0.0,0.0,0.0,0.0,0.0,0.0,0.0,0.0,0.0,0.0,0.0,0.0,211605092.70057416,122809975.85167462
115,0.0,0.0,0.0,0.0,0.0,0.0,0.0,0.0,0.0,0.0,0.0,0.0,0.0,0.0,0.0,167883374.09057415,122809975.85167463
116,0.0,0.0,0.0,0.0,0.0,0.0,0.0,0.0,0.0,0.0,0.0,0.0,0.0,174129333.90057415,0.0,0.0,122809975.85167463
117,0.0,0.0,0.0,0.0,0.0,0.0,0.0,0.0,0.0,0.0,0.0,0.0,0.0,0.0,0.0,186621253.50057417,122809975.85167462
118,0.0,0.0,0.0,0.0,0.0,0.0,0.0,0.0,0.0,0.0,0.0,0.0,0.0,167883374.09057415,0.0,0.0,122809975.85167463
119,0.0,0.0,0.0,0.0,0.0,0.0,0.0,0.0,0.0,0.0,0.0,0.0,0.0,205359132.90057415,0.0,0.0,122809975.85167463
120,0.0,0.0,0.0,0.0,0.0,0.0,0.0,0.0,0.0,0.0,0.0,0.0,0.0,0.0,0.0,180375293.70057416,122809975.85167462
121,0.0,0.0,0.0,0.0,0.0,0.0,0.0,0.0,0.0,0.0,0.0,0.0,0.0,0.0,0.0,249080851.51057416,122809975.85167462
122,0.0,0.0,0.0,0.0,0.0,0.0,0.0,0.0,0.0,0.0,0.0,0.0,0.0,0.0,0.0,242834891.71057415,122809975.85167463
123,0.0,0.0,0.0,0.0,0.0,0.0,0.0,0.0,0.0,0.0,0.0,0.0,0.0,0.0,0.0,236588931.91057414,122809975.85167463
124,0.0,0.0,0.0,0.0,0.0,0.0,0.0,0.0,0.0,0.0,0.0,0.0,0.0,0.0,0.0,224097012.31057417,122809975.85167462
125,0.0,0.0,0.0,0.0,0.0,0.0,0.0,0.0,0.0,0.0,0.0,0.0,0.0,186621253.50057417,0.0,0.0,122809975.85167462
126,0.0,0.0,0.0,0.0,0.0,0.0,0.0,0.0,0.0,0.0,0.0,0.0,0.0,0.0,0.0,255326811.31057417,122809975.8516746
127,0.0,0.0,0.0,0.0,0.0,0.0,0.0,0.0,0.0,0.0,0.0,0.0,0.0,0.0,0.0,274064690.72057414,122809975.85167463
128,0.0,0.0,0.0,0.0,0.0,0.0,0.0,0.0,0.0,0.0,0.0,0.0,0.0,0.0,0.0,236588931.91057414,122809975.85167463
129,0.0,0.0,0.0,0.0,0.0,0.0,0.0,0.0,0.0,0.0,0.0,0.0,0.0,217851052.50057417,0.0,0.0,122809975.85167462
130,0.0,0.0,0.0,0.0,0.0,0.0,0.0,0.0,0.0,0.0,0.0,0.0,0.0,0.0,0.0,274064690.72057414,122809975.85167463
131,0.0,0.0,0.0,0.0,0.0,0.0,0.0,0.0,0.0,0.0,0.0,0.0,0.0,0.0,0.0,211605092.70057416,122809975.85167462
132,0.0,0.0,0.0,0.0,0.0,0.0,0.0,0.0,0.0,0.0,0.0,0.0,0.0,0.0,451122981.3352491,0.0,232615879.3136782
133,0.0,0.0,0.0,0.0,0.0,0.0,0.0,0.0,0.0,0.0,0.0,0.0,0.0,0.0,984171103.4518366,0.0,450284280.343644
134,0.0,0.0,0.0,0.0,0.0,0.0,0.0,0.0,0.0,0.0,0.0,0.0,0.0,0.0,673874089.1518364,0.0,450284280.3436442
135,0.0,0.0,0.0,0.0,0.0,0.0,0.0,0.0,0.0,0.0,0.0,0.0,0.0,0.0,531314459.5952491,0.0,232615879.3136782
136,0.0,0.0,0.0,0.0,0.0,0.0,0.0,0.0,0.0,0.0,0.0,0.0,0.0,0.0,393843354.0052491,0.0,232615879.3136782
137,0.0,0.0,0.0,0.0,0.0,0.0,0.0,0.0,0.0,0.0,0.0,0.0,0.0,0.0,439667055.8652491,0.0,232615879.3136782
138,0.0,0.0,0.0,0.0,0.0,0.0,0.0,0.0,0.0,0.0,0.0,0.0,0.0,0.0,325107801.20524913,0.0,232615879.3136782
139,0.0,0.0,0.0,0.0,0.0,0.0,0.0,0.0,0.0,0.0,0.0,0.0,0.0,0.0,336563726.67524916,0.0,232615879.3136782
140,0.0,0.0,0.0,0.0,0.0,0.0,0.0,0.0,0.0,0.0,0.0,0.0,0.0,0.0,806858523.8518364,0.0,450284280.3436442
141,0.0,0.0,0.0,0.0,0.0,0.0,0.0,0.0,0.0,0.0,0.0,0.0,0.0,0.0,439667055.8652491,0.0,232615879.3136782
142,0.0,0.0,0.0,0.0,0.0,0.0,0.0,0.0,0.0,0.0,0.0,0.0,0.0,0.0,474034832.2652492,0.0,232615879.31367815
143,0.0,0.0,0.0,0.0,0.0,0.0,50264921.0128393,0.0,0.0,0.0,0.0,0.0,0.0,0.0,0.0,0.0,29932435.71121685
144,0.0,0.0,0.0,0.0,0.0,0.0,0.0,0.0,0.0,0.0,0.0,0.0,0.0,192867213.30057418,0.0,0.0,122809975.8516746
145,0.0,0.0,0.0,0.0,0.0,0.0,0.0,0.0,0.0,0.0,0.0,0.0,0.0,199113173.1005742,0.0,0.0,122809975.85167459
146,0.0,0.0,0.0,0.0,0.0,0.0,0.0,0.0,0.0,0.0,0.0,0.0,0.0,242834891.71057415,0.0,0.0,122809975.85167463
147,0.0,0.0,0.0,0.0,0.0,0.0,274064690.72057414,0.0,0.0,0.0,0.0,0.0,0.0,0.0,0.0,0.0,122809975.85167463
148,0.0,0.0,0.0,0.0,0.0,0.0,0.0,164025106.33076137,0.0,0.0,0.0,0.0,0.0,0.0,0.0,0.0,109615582.22175483
149,0.0,0.0,0.0,0.0,0.0,0.0,0.0,0.0,0.0,0.0,0.0,0.0,0.0,192867213.30057418,0.0,0.0,122809975.8516746
150,0.0,0.0,0.0,0.0,0.0,0.0,0.0,180215327.30076134,0.0,0.0,0.0,0.0,0.0,0.0,0.0,0.0,109615582.22175486
151,0.0,0.0,0.0,0.0,0.0,0.0,236588931.91057414,0.0,0.0,0.0,0.0,0.0,0.0,0.0,0.0,0.0,122809975.85167463
152,0.0,0.0,0.0,0.0,0.0,0.0,211605092.70057416,0.0,0.0,0.0,0.0,0.0,0.0,0.0,0.0,0.0,122809975.85167462
153,0.0,0.0,0.0,0.0,0.0,0.0,0.0,0.0,0.0,0.0,0.0,0.0,0.0,242834891.71057415,0.0,0.0,122809975.85167463
154,0.0,0.0,0.0,0.0,0.0,0.0,0.0,0.0,0.0,0.0,0.0,0.0,0.0,211605092.70057416,0.0,0.0,122809975.85167462
155,0.0,0.0,0.0,0.0,0.0,0.0,242834891.71057415,0.0,0.0,0.0,0.0,0.0,0.0,0.0,0.0,0.0,122809975.85167463
156,0.0,0.0,0.0,0.0,0.0,0.0,261572771.1105742,0.0,0.0,0.0,0.0,0.0,0.0,0.0,0.0,0.0,122809975.85167459
157,0.0,0.0,0.0,0.0,0.0,0.0,0.0,201802288.60076135,0.0,0.0,0.0,0.0,0.0,0.0,0.0,0.0,109615582.22175485
158,0.0,0.0,0.0,0.0,0.0,0.0,51770877.08283931,0.0,0.0,0.0,0.0,0.0,0.0,0.0,0.0,0.0,29932435.71121685
159,0.0,0.0,0.0,0.0,0.0,0.0,0.0,239579470.88076133,0.0,0.0,0.0,0.0,0.0,0.0,0.0,0.0,109615582.22175486
160,0.0,0.0,0.0,0.0,0.0,0.0,0.0,153231625.68076134,0.0,0.0,0.0,0.0,0.0,0.0,0.0,0.0,109615582.22175486
161,0.0,0.0,0.0,0.0,0.0,0.0,274064690.72057414,0.0,0.0,0.0,0.0,0.0,0.0,0.0,0.0,0.0,122809975.85167463
162,0.0,0.0,0.0,0.0,0.0,0.0,0.0,0.0,0.0,0.0,0.0,0.0,93110643.11316726,0.0,0.0,0.0,55215134.12707167
163,0.0,0.0,0.0,0.0,0.0,0.0,0.0,0.0,0.0,0.0,0.0,0.0,75248308.19316724,0.0,0.0,0.0,55215134.12707168
164,0.0,0.0,0.0,0.0,0.0,0.0,0.0,0.0,0.0,0.0,0.0,0.0,107995922.22316724,0.0,0.0,0.0,55215134.12707168
165,0.0,0.0,0.0,0.0,0.0,0.0,0.0,0.0,0.0,0.0,0.0,0.0,78225364.01316725,0.0,0.0,0.0,55215134.12707168
166,0.0,0.0,0.0,0.0,0.0,0.0,0.0,0.0,0.0,0.0,0.0,0.0,72271252.37316725,0.0,0.0,0.0,55215134.12707168
167,0.0,0.0,0.0,0.0,0.0,0.0,0.0,0.0,0.0,0.0,0.0,0.0,93110643.11316726,0.0,0.0,0.0,55215134.12707167
168,0.0,0.0,0.0,0.0,0.0,0.0,0.0,0.0,0.0,0.0,0.0,0.0,72271252.37316725,0.0,0.0,0.0,55215134.12707168
169,192867213.30057418,0.0,0.0,0.0,0.0,0.0,0.0,0.0,0.0,0.0,0.0,0.0,0.0,0.0,0.0,0.0,122809975.8516746
170,0.0,0.0,0.0,0.0,0.0,0.0,0.0,0.0,0.0,0.0,0.0,0.0,99064754.75316724,0.0,0.0,0.0,55215134.12707168
171,0.0,0.0,0.0,0.0,0.0,0.0,0.0,0.0,0.0,0.0,0.0,0.0,122881201.32316726,0.0,0.0,0.0,55215134.127071664
172,205359132.90057415,0.0,0.0,0.0,0.0,0.0,0.0,0.0,0.0,0.0,0.0,0.0,0.0,0.0,0.0,0.0,122809975.85167463
173,0.0,0.0,0.0,0.0,0.0,0.0,0.0,0.0,0.0,0.0,0.0,0.0,211605092.70057416,0.0,0.0,0.0,122809975.85167462
174,0.0,0.0,0.0,0.0,0.0,0.0,0.0,0.0,0.0,0.0,0.0,0.0,261572771.1105742,0.0,0.0,0.0,122809975.85167459
175,0.0,0.0,0.0,0.0,0.0,0.0,0.0,0.0,0.0,0.0,0.0,0.0,75248308.19316724,0.0,0.0,0.0,55215134.12707168
176,0.0,0.0,0.0,0.0,0.0,0.0,0.0,0.0,0.0,0.0,0.0,0.0,96087698.93316725,0.0,0.0,0.0,55215134.12707168
177,274064690.72057414,0.0,0.0,0.0,0.0,0.0,0.0,0.0,0.0,0.0,0.0,0.0,0.0,0.0,0.0,0.0,122809975.85167463
178,0.0,0.0,0.0,0.0,0.0,0.0,0.0,0.0,0.0,0.0,0.0,0.0,84179475.65316725,0.0,0.0,0.0,55215134.12707168
179,0.0,0.0,0.0,0.0,0.0,0.0,0.0,0.0,0.0,0.0,0.0,0.0,113950033.86316726,0.0,0.0,0.0,55215134.12707167
180,0.0,0.0,0.0,0.0,0.0,0.0,0.0,0.0,0.0,0.0,0.0,0.0,87156531.47316724,0.0,0.0,0.0,55215134.12707168
181,0.0,0.0,0.0,0.0,0.0,0.0,0.0,0.0,0.0,0.0,0.0,0.0,96087698.93316725,0.0,0.0,0.0,55215134.12707168
182,0.0,0.0,0.0,0.0,0.0,0.0,0.0,0.0,0.0,0.0,0.0,0.0,255326811.31057417,0.0,0.0,0.0,122809975.8516746
183,0.0,0.0,0.0,0.0,0.0,0.0,0.0,0.0,0.0,0.0,0.0,0.0,87156531.47316724,0.0,0.0,0.0,55215134.12707168
184,199113173.1005742,0.0,0.0,0.0,0.0,0.0,0.0,0.0,0.0,0.0,0.0,0.0,0.0,0.0,0.0,0.0,122809975.85167459
185,0.0,0.0,0.0,0.0,0.0,0.0,0.0,0.0,0.0,0.0,0.0,0.0,0.0,174129333.90057415,0.0,0.0,122809975.85167463
186,0.0,0.0,0.0,0.0,0.0,0.0,0.0,0.0,0.0,0.0,0.0,0.0,0.0,0.0,0.0,255326811.31057417,122809975.8516746
187,0.0,0.0,0.0,0.0,0.0,0.0,50264921.0128393,0.0,0.0,0.0,0.0,0.0,0.0,0.0,0.0,0.0,29932435.71121685
188,0.0,0.0,0.0,0.0,0.0,0.0,0.0,0.0,0.0,0.0,0.0,0.0,0.0,0.0,0.0,53276833.16283931,29932435.71121685
189,0.0,0.0,0.0,0.0,0.0,0.0,0.0,0.0,0.0,0.0,0.0,0.0,0.0,0.0,0.0,39723228.4828393,29932435.71121685
190,0.0,0.0,0.0,0.0,0.0,0.0,0.0,0.0,0.0,0.0,0.0,0.0,0.0,0.0,0.0,217851052.50057417,122809975.85167462
191,0.0,0.0,0.0,0.0,0.0,0.0,0.0,0.0,0.0,0.0,0.0,0.0,0.0,0.0,0.0,44241096.712839305,29932435.71121685
192,0.0,0.0,0.0,0.0,0.0,0.0,0.0,0.0,0.0,0.0,0.0,0.0,0.0,0.0,0.0,174129333.90057415,122809975.85167463
193,0.0,0.0,0.0,0.0,0.0,0.0,0.0,0.0,0.0,0.0,0.0,0.0,0.0,224097012.31057417,0.0,0.0,122809975.85167462
194,0.0,0.0,0.0,0.0,0.0,0.0,0.0,0.0,0.0,0.0,0.0,0.0,0.0,0.0,0.0,57794701.39283931,29932435.711216845
195,0.0,0.0,0.0,0.0,0.0,0.0,0.0,0.0,0.0,0.0,0.0,0.0,0.0,0.0,0.0,65324481.7628393,29932435.71121685
196,0.0,0.0,0.0,0.0,0.0,0.0,0.0,0.0,0.0,0.0,0.0,0.0,0.0,0.0,0.0,51770877.08283931,29932435.71121685
197,0.0,0.0,0.0,0.0,0.0,0.0,0.0,0.0,0.0,0.0,0.0,0.0,0.0,0.0,0.0,45747052.78283931,29932435.711216845
198,0.0,0.0,0.0,0.0,0.0,0.0,0.0,0.0,0.0,0.0,0.0,0.0,0.0,0.0,0.0,174129333.90057415,122809975.85167463
199,0.0,0.0,0.0,0.0,0.0,0.0,0.0,0.0,0.0,0.0,0.0,0.0,0.0,0.0,0.0,50264921.0128393,29932435.71121685
200,0.0,0.0,0.0,0.0,0.0,0.0,0.0,0.0,0.0,0.0,0.0,0.0,0.0,0.0,0.0,242834891.71057415,122809975.85167463
201,0.0,0.0,0.0,0.0,0.0,0.0,0.0,0.0,0.0,0.0,0.0,0.0,0.0,56288745.312839314,0.0,0.0,29932435.711216845
202,0.0,0.0,0.0,0.0,0.0,0.0,0.0,0.0,0.0,0.0,0.0,0.0,0.0,0.0,0.0,45747052.78283931,29932435.711216845
203,0.0,0.0,0.0,0.0,0.0,0.0,205359132.90057415,0.0,0.0,0.0,0.0,0.0,0.0,0.0,0.0,0.0,122809975.85167463
204,0.0,0.0,0.0,0.0,0.0,0.0,53276833.16283931,0.0,0.0,0.0,0.0,0.0,0.0,0.0,0.0,0.0,29932435.71121685
205,0.0,0.0,0.0,0.0,0.0,0.0,261572771.1105742,0.0,0.0,0.0,0.0,0.0,0.0,0.0,0.0,0.0,122809975.85167459
206,0.0,0.0,0.0,0.0,0.0,0.0,0.0,0.0,0.0,0.0,0.0,0.0,0.0,0.0,0.0,66830437.8428393,29932435.71121685
207,0.0,0.0,0.0,0.0,0.0,0.0,0.0,0.0,0.0,0.0,0.0,0.0,0.0,174129333.90057415,0.0,0.0,122809975.85167463
208,0.0,0.0,0.0,0.0,0.0,0.0,0.0,0.0,0.0,0.0,0.0,0.0,0.0,0.0,0.0,65324481.7628393,29932435.71121685
209,0.0,0.0,0.0,0.0,0.0,0.0,0.0,0.0,0.0,0.0,0.0,0.0,0.0,0.0,0.0,44241096.712839305,29932435.71121685
210,0.0,0.0,0.0,0.0,0.0,0.0,0.0,0.0,0.0,0.0,0.0,0.0,0.0,0.0,0.0,62312569.61283931,29932435.71121685
211,0.0,0.0,0.0,0.0,0.0,0.0,0.0,0.0,0.0,0.0,0.0,0.0,0.0,65324481.7628393,0.0,0.0,29932435.71121685
212,0.0,0.0,0.0,0.0,0.0,0.0,0.0,0.0,0.0,0.0,0.0,0.0,0.0,0.0,0.0,42735140.63283931,29932435.71121685
213,0.0,0.0,0.0,0.0,0.0,0.0,0.0,0.0,0.0,0.0,0.0,0.0,0.0,56288745.312839314,0.0,0.0,29932435.711216845
214,0.0,0.0,0.0,0.0,0.0,0.0,0.0,0.0,0.0,0.0,0.0,0.0,0.0,0.0,0.0,230342972.1105742,122809975.85167459
215,0.0,0.0,0.0,0.0,0.0,0.0,0.0,0.0,0.0,0.0,0.0,0.0,0.0,66830437.8428393,0.0,0.0,29932435.71121685
216,0.0,0.0,0.0,0.0,0.0,0.0,0.0,0.0,0.0,0.0,0.0,0.0,0.0,0.0,0.0,57794701.39283931,29932435.711216845
217,0.0,0.0,0.0,0.0,0.0,0.0,0.0,0.0,0.0,0.0,0.0,0.0,0.0,0.0,0.0,48758964.932839304,29932435.71121685
218,0.0,0.0,0.0,0.0,0.0,0.0,0.0,0.0,0.0,0.0,0.0,0.0,0.0,230342972.1105742,0.0,0.0,122809975.85167459
219,0.0,0.0,0.0,0.0,0.0,0.0,0.0,0.0,0.0,0.0,0.0,0.0,0.0,0.0,0.0,47253008.86283931,29932435.71121685
220,0.0,0.0,0.0,0.0,0.0,0.0,0.0,0.0,0.0,0.0,0.0,0.0,0.0,62312569.61283931,0.0,0.0,29932435.71121685
221,0.0,0.0,0.0,0.0,0.0,0.0,0.0,0.0,0.0,0.0,0.0,0.0,0.0,0.0,0.0,186621253.50057417,122809975.85167462
222,0.0,0.0,0.0,0.0,0.0,0.0,0.0,0.0,0.0,0.0,274064690.72057414,0.0,0.0,0.0,0.0,0.0,122809975.85167463
223,0.0,0.0,0.0,0.0,0.0,0.0,0.0,0.0,0.0,0.0,0.0,0.0,158628366.00076133,0.0,0.0,0.0,109615582.22175486
224,0.0,0.0,261572771.1105742,0.0,0.0,0.0,0.0,0.0,0.0,0.0,0.0,0.0,0.0,0.0,0.0,0.0,122809975.85167459
225,0.0,0.0,0.0,0.0,0.0,0.0,0.0,0.0,0.0,0.0,205359132.90057415,0.0,0.0,0.0,0.0,0.0,122809975.85167463
226,0.0,0.0,0.0,0.0,0.0,0.0,0.0,0.0,0.0,0.0,230342972.1105742,0.0,0.0,0.0,0.0,0.0,122809975.85167459
